[[-36.1131,-26.8249,0],
[-36.0864,-26.5834,0],
[-36.0551,-26.4953,0],
[-36.0138,-26.4279,0],
[-35.9553,-26.3778,0],
[-35.8831,-26.342,0],
[-35.7009,-26.3134,0],
[-35.5329,-26.3363,0],
[-35.4261,-26.405,0],
[-35.3898,-26.4441,0],
[-35.365,-26.489,0],
[-35.343,-26.5329,0],
[-35.3268,-26.5882,0],
[-35.2963,-26.8172,0],
[-35.3192,-27.0529,0],
[-35.3478,-27.1425,0],
[-35.3879,-27.2142,0],
[-35.4423,-27.2687,0],
[-35.5138,-27.3067,0],
[-35.6026,-27.329,0],
[-35.7085,-27.3363,0],
[-35.8192,-27.3258,0],
[-35.907,-27.2981,0],
[-35.9804,-27.2466,0],
[-36.0367,-27.1836,0],
[-36.0692,-27.1159,0],
[-36.0902,-27.031,0],
[-36.1131,-26.8249,0]]
