[[-33.4566,-27.321,0],
[-34.281,-27.321,0],
[-34.2533,-27.2008,0],
[-34.197,-27.092,0],
[-34.0911,-26.9708,0],
[-33.9222,-26.8325,0],
[-33.7696,-26.6951,0],
[-33.7457,-26.6493,0],
[-33.739,-26.6035,0],
[-33.7457,-26.5653,0],
[-33.7551,-26.5455,0],
[-33.7696,-26.5271,0],
[-33.8087,-26.5062,0],
[-33.8308,-26.4992,0],
[-33.8535,-26.4966,0],
[-33.8795,-26.4994,0],
[-33.9012,-26.5071,0],
[-33.9375,-26.5348,0],
[-33.9532,-26.5549,0],
[-33.9661,-26.5815,0],
[-33.9833,-26.6569,0],
[-34.2581,-26.634,0],
[-34.2362,-26.531,0],
[-34.197,-26.4508,0],
[-34.1446,-26.3926,0],
[-34.0749,-26.3516,0],
[-33.9824,-26.3239,0],
[-33.8612,-26.3134,0],
[-33.6398,-26.3439,0],
[-33.5663,-26.3888,0],
[-33.51,-26.4508,0],
[-33.4757,-26.5214,0],
[-33.4642,-26.6035,0],
[-33.4766,-26.6875,0],
[-33.5177,-26.7714,0],
[-33.7085,-26.9546,0],
[-33.823,-27.031,0],
[-33.8841,-27.092,0],
[-33.4566,-27.092,0],
[-33.4566,-27.321,0]]