[[-33.0749,-26.6188,0],
[-33.3345,-26.5729,0],
[-33.2877,-26.4632,0],
[-33.2539,-26.4194,0],
[-33.2123,-26.3821,0],
[-33.0959,-26.3306,0],
[-32.9451,-26.3134,0],
[-32.7782,-26.3315,0],
[-32.7143,-26.3553,0],
[-32.6627,-26.3897,0],
[-32.627,-26.4268,0],
[-32.6007,-26.4689,0],
[-32.5843,-26.5153,0],
[-32.5787,-26.5653,0],
[-32.5854,-26.6283,0],
[-32.5948,-26.6555,0],
[-32.6093,-26.6798,0],
[-32.6541,-26.7313,0],
[-32.7161,-26.7714,0],
[-32.6656,-26.7905,0],
[-32.6464,-26.7993,0],
[-32.6322,-26.8096,0],
[-32.6063,-26.8237,0],
[-32.5854,-26.842,0],
[-32.5558,-26.8859,0],
[-32.5414,-26.9115,0],
[-32.532,-26.9413,0],
[-32.5253,-27.0081,0],
[-32.5367,-27.0911,0],
[-32.5711,-27.1684,0],
[-32.6274,-27.2409,0],
[-32.6623,-27.2693,0],
[-32.7009,-27.2905,0],
[-32.8011,-27.3249,0],
[-32.9299,-27.3363,0],
[-33.0511,-27.3296,0],
[-33.1436,-27.3058,0],
[-33.2142,-27.2657,0],
[-33.2734,-27.2142,0],
[-33.3173,-27.1464,0],
[-33.3497,-27.0615,0],
[-33.0749,-27.0233,0],
[-33.0511,-27.092,0],
[-33.0373,-27.1178,0],
[-33.0215,-27.1378,0],
[-33.0029,-27.1523,0],
[-32.9814,-27.1617,0],
[-32.9299,-27.1684,0],
[-32.9027,-27.1656,0],
[-32.8783,-27.1579,0],
[-32.8569,-27.1458,0],
[-32.8383,-27.1302,0],
[-32.8106,-27.0825,0],
[-32.8028,-27.0551,0],
[-32.8001,-27.0233,0],
[-32.8028,-26.9905,0],
[-32.8106,-26.9613,0],
[-32.8226,-26.9364,0],
[-32.8383,-26.9165,0],
[-32.857,-26.9008,0],
[-32.8793,-26.8888,0],
[-32.9059,-26.881,0],
[-32.9375,-26.8783,0],
[-33.0291,-26.8936,0],
[-33.0138,-26.6951,0],
[-32.9757,-26.6951,0],
[-32.9308,-26.6884,0],
[-32.9102,-26.679,0],
[-32.8917,-26.6646,0],
[-32.864,-26.6254,0],
[-32.8563,-26.6034,0],
[-32.8535,-26.5806,0],
[-32.8551,-26.5591,0],
[-32.8602,-26.5405,0],
[-32.8696,-26.5248,0],
[-32.8841,-26.5119,0],
[-32.897,-26.4974,0],
[-32.9127,-26.488,0],
[-32.9313,-26.4829,0],
[-32.9528,-26.4813,0],
[-32.9976,-26.488,0],
[-33.0183,-26.4974,0],
[-33.0367,-26.5119,0],
[-33.0587,-26.5539,0],
[-33.0749,-26.6188,0]]