[[-31.3803,-26.3287,0],
[-30.7238,-26.3287,0],
[-30.7238,-26.5577,0],
[-31.1665,-26.5577,0],
[-31.1894,-26.7104,0],
[-31.0978,-26.6722,0],
[-31.0062,-26.6646,0],
[-30.9392,-26.6703,0],
[-30.8764,-26.6875,0],
[-30.8194,-26.7161,0],
[-30.7696,-26.7562,0],
[-30.7295,-26.8004,0],
[-30.7009,-26.8525,0],
[-30.6837,-26.9118,0],
[-30.678,-26.9775,0],
[-30.6894,-27.0691,0],
[-30.7238,-27.1607,0],
[-30.781,-27.2342,0],
[-30.8612,-27.2905,0],
[-30.9604,-27.3249,0],
[-31.0825,-27.3363,0],
[-31.2505,-27.321,0],
[-31.3726,-27.2676,0],
[-31.449,-27.1836,0],
[-31.5024,-27.0691,0],
[-31.2276,-27.0386,0],
[-31.2104,-27.0968,0],
[-31.1818,-27.1378,0],
[-31.136,-27.1617,0],
[-31.0902,-27.1684,0],
[-31.0618,-27.1656,0],
[-31.0348,-27.1579,0],
[-31.0107,-27.1458,0],
[-30.9909,-27.1302,0],
[-30.9633,-27.0739,0],
[-30.9528,-27.0004,0],
[-30.9633,-26.9241,0],
[-30.9909,-26.8707,0],
[-31.0107,-26.855,0],
[-31.0348,-26.843,0],
[-31.0618,-26.8352,0],
[-31.0902,-26.8325,0],
[-31.1312,-26.8382,0],
[-31.1665,-26.8554,0],
[-31.1825,-26.8625,0],
[-31.197,-26.8726,0],
[-31.2276,-26.9012,0],
[-31.4642,-26.8707,0],
[-31.3803,-26.3287,0]]