[[-29.7696,-26.5577,0],
[-30.0444,-26.5882,0],
[-30.0577,-26.5376,0],
[-30.068,-26.5184,0],
[-30.0746,-26.5107,0],
[-30.0825,-26.5042,0],
[-30.0953,-26.4942,0],
[-30.1102,-26.4871,0],
[-30.1436,-26.4813,0],
[-30.1753,-26.4856,0],
[-30.2028,-26.4985,0],
[-30.2273,-26.52,0],
[-30.2505,-26.55,0],
[-30.2724,-26.6245,0],
[-30.2886,-26.7562,0],
[-30.239,-26.7094,0],
[-30.1894,-26.6798,0],
[-30.1312,-26.6626,0],
[-30.0673,-26.6569,0],
[-30.0014,-26.6628,0],
[-29.9413,-26.6808,0],
[-29.8869,-26.7117,0],
[-29.8383,-26.7562,0],
[-29.7982,-26.8049,0],
[-29.7696,-26.8602,0],
[-29.7524,-26.9225,0],
[-29.7467,-26.9928,0],
[-29.7581,-27.0873,0],
[-29.7925,-27.176,0],
[-29.8488,-27.2457,0],
[-29.9222,-27.2981,0],
[-30.0138,-27.3258,0],
[-30.1283,-27.3363,0],
[-30.261,-27.3239,0],
[-30.365,-27.2829,0],
[-30.408,-27.2557,0],
[-30.4461,-27.2199,0],
[-30.51,-27.1226,0],
[-30.5511,-26.9976,0],
[-30.5635,-26.8325,0],
[-30.5348,-26.5968,0],
[-30.4991,-26.5072,0],
[-30.449,-26.4355,0],
[-30.3872,-26.3843,0],
[-30.3154,-26.3458,0],
[-30.2321,-26.3218,0],
[-30.136,-26.3134,0],
[-30.0329,-26.3201,0],
[-29.9528,-26.3439,0],
[-29.8898,-26.3764,0],
[-29.8383,-26.4203,0],
[-29.7982,-26.4833,0],
[-29.7696,-26.5577,0]]