[[-28.5558,-26.7867,0],
[-28.614,-26.7514,0],
[-28.6551,-26.7104,0],
[-28.6827,-26.6483,0],
[-28.6932,-26.5806,0],
[-28.686,-26.5205,0],
[-28.6636,-26.4661,0],
[-28.6256,-26.4174,0],
[-28.5711,-26.3745,0],
[-28.4671,-26.3296,0],
[-28.3345,-26.3134,0],
[-28.157,-26.3315,0],
[-28.0897,-26.3553,0],
[-28.0367,-26.3897,0],
[-27.9923,-26.4314,0],
[-27.9614,-26.4766,0],
[-27.9433,-26.5261,0],
[-27.9375,-26.5806,0],
[-27.948,-26.6445,0],
[-27.9757,-26.7027,0],
[-27.99,-26.7255,0],
[-28.01,-26.7476,0],
[-28.0673,-26.7867,0],
[-27.9976,-26.8344,0],
[-27.9451,-26.8936,0],
[-27.9175,-26.9565,0],
[-27.907,-27.031,0],
[-27.9136,-27.1054,0],
[-27.9375,-27.1684,0],
[-27.9776,-27.2266,0],
[-28.0291,-27.2676,0],
[-28.0816,-27.3,0],
[-28.1512,-27.321,0],
[-28.3116,-27.3363,0],
[-28.4509,-27.3258,0],
[-28.5558,-27.2981,0],
[-28.6255,-27.2533,0],
[-28.678,-27.1913,0],
[-28.7123,-27.1168,0],
[-28.7238,-27.031,0],
[-28.7133,-26.9499,0],
[-28.6856,-26.8859,0],
[-28.6322,-26.8277,0],
[-28.5558,-26.7867,0]]