[[-27.7848,-27.0997,0],
[-27.51,-27.0615,0],
[-27.4938,-27.1121,0],
[-27.4719,-27.1455,0],
[-27.4591,-27.1555,0],
[-27.4442,-27.1626,0],
[-27.4108,-27.1684,0],
[-27.3791,-27.1641,0],
[-27.3516,-27.1512,0],
[-27.3271,-27.1297,0],
[-27.3039,-27.0997,0],
[-27.282,-27.0252,0],
[-27.2657,-26.8936,0],
[-27.3154,-26.9403,0],
[-27.365,-26.9699,0],
[-27.4232,-26.9871,0],
[-27.4871,-26.9928,0],
[-27.553,-26.9871,0],
[-27.6131,-26.9699,0],
[-27.6675,-26.9413,0],
[-27.7161,-26.9012,0],
[-27.7562,-26.848,0],
[-27.7848,-26.7905,0],
[-27.802,-26.7273,0],
[-27.8077,-26.6569,0],
[-27.7963,-26.5663,0],
[-27.7619,-26.4813,0],
[-27.7056,-26.4088,0],
[-27.6707,-26.3804,0],
[-27.6322,-26.3592,0],
[-27.5406,-26.3249,0],
[-27.4261,-26.3134,0],
[-27.2934,-26.3258,0],
[-27.1894,-26.3668,0],
[-27.1464,-26.394,0],
[-27.1083,-26.4298,0],
[-27.0444,-26.5271,0],
[-27.0033,-26.655,0],
[-26.9909,-26.8172,0],
[-27.0196,-27.0529,0],
[-27.0553,-27.1425,0],
[-27.1054,-27.2142,0],
[-27.1672,-27.2687,0],
[-27.239,-27.3067,0],
[-27.3223,-27.329,0],
[-27.4184,-27.3363,0],
[-27.5215,-27.3296,0],
[-27.6016,-27.3058,0],
[-27.6646,-27.2762,0],
[-27.7161,-27.2294,0],
[-27.7562,-27.1703,0],
[-27.7848,-27.0997,0]]